0 0.30558993399339934 0.7965976331360947 0.11200495049504951 0.14349112426035504
1 0.613036303630363 0.8237795857988166 0.028465346534653466 0.0625
5 0.6467615511551155 0.7908653846153846 0.02330858085808581 0.06989644970414201
5 0.5793110561056105 0.566198224852071 0.004744224422442244 0.03328402366863906
0 0.6122112211221122 0.2666420118343195 0.056105610561056105 0.11316568047337278
5 0.6655321782178217 0.1507026627218935 0.003094059405940594 0.01220414201183432
1 0.2566006600660066 0.36020710059171596 0.02599009900990099 0.02514792899408284
1 0.3175536303630363 0.4093934911242604 0.0686881188118812 0.11168639053254438
1 0.7717615511551155 0.5086908284023669 0.024546204620462045 0.03365384615384615
5 0.7687706270627063 0.5815458579881657 0.005363036303630363 0.013683431952662722
